the accuracy of the model predictions compared to the true labels 
accuracy =  0.2962962962962963
precision =  0.52
recall =  0.4105263157894737
f1 =  0.45882352941176474
auc_roc =  0.5637301587301587
